image: cartographer2.pgm
resolution: 0.050000
origin: [-9.550000, -3.386481, 0.000000]
negate: 0
occupied_thresh: 0.65
free_thresh: 0.196

