image: slam_toolbox1.pgm
resolution: 0.050000
origin: [-2.688186, -3.055415, 0.000000]
negate: 0
occupied_thresh: 0.65
free_thresh: 0.196

